TOTAL scored: 168

### Automobile and Auto Components  (14)
  ticker           mcap     PE    ROE   ROCE   sg5   pg5   grw  qual   peg  score
  M&M            425536   22.3  20.3  15.1  51.0  35.0  34.8  17.7  0.64   79.3
  EICHERMOT      222142   38.2  24.0  30.5  33.0  26.0  29.2  27.2  1.31   76.9
  BAJAJ-AUTO     320391   27.2  29.2  28.2  17.0  25.0  24.8  28.7  1.10   74.6
  HEROMOTOCO     115504   20.8  28.1  35.2  16.0  16.0  21.2  31.7  0.98   74.3
  UNOMINDA        71710   58.6  19.3  19.6  43.0  28.0  30.8  19.5  1.91   66.1
  MOTHERSON      178370   39.1  11.2  13.4  32.0  16.0  31.5  12.3  1.24   65.2
  MARUTI         436076   30.4  14.3  18.9  27.0  15.0  21.2  16.6  1.43   55.7
  JBMA            14722   63.9  15.6  14.8  35.0  46.0  25.5  15.2  2.51   50.8
  ENDURANCE       40711   41.3  14.9  17.8  12.0  12.0  18.0  16.4  2.29   44.6
  CRAFTSMAN       26808   96.5   7.7  10.3  18.0  39.0  21.0   9.0  4.60   34.2
  SUNDRMFAST      25553   41.1  14.9  17.6  11.0  10.0   7.2  16.2  5.67   24.9
  EXIDEIND        40434   43.2   6.0   8.5   1.0  24.0  12.2   7.3  3.53   22.0
  ARE&M           17307   23.7   7.2  12.2  -3.0   5.0   2.0   9.7 11.85   12.1
  SKFINDIA         7781   33.5  14.8  24.2   0.0   4.0  -6.5  19.5    --   11.7

### Capital Goods  (21)
  ticker           mcap     PE    ROE   ROCE   sg5   pg5   grw  qual   peg  score
  APARINDS        67010   55.6  20.2  31.1  44.0  94.0  45.0  25.6  1.24   94.8
  BEL            300213   48.9  27.4  36.4  24.0  48.0  36.5  31.9  1.34   90.0
  ASTRAMICRO      16501   87.4  16.0  20.2  46.0  59.0  51.2  18.1  1.71   83.5
  KAYNES          24604   70.8   9.6  13.2 108.0    --  48.7  11.4  1.45   78.8
  ZENTEC          16773   92.3  10.7  16.2 128.0  85.0  52.5  13.4  1.76   78.4
  COCHINSHIP      39199   54.7  12.5  16.0   4.0  53.0  39.2  14.2  1.39   75.2
  POLYCAB        138999   48.5  23.0  33.2  24.0  37.0  28.5  28.1  1.70   73.7
  ABB            162004  105.0  22.4  29.9    --  35.0  28.0  26.1  3.75   59.8
  APLAPOLLO       57829   47.0  25.3  31.6  27.0  21.0  20.0  28.5  2.35   58.7
  TITAGARH        11210   49.1   8.1  11.7  34.0  55.0  28.2   9.9  1.74   54.9
  SIEMENS        139850   93.0  19.2  21.4  30.0  25.0  25.8  20.3  3.61   51.2
  ELGIEQUIP       19308   41.7  19.0  22.1  31.0  23.0  17.8  20.6  2.35   48.1
  BDL             51280   98.5  10.2  13.8  10.0  49.0  25.2  12.0  3.90   42.3
  THERMAX         48262   87.7  10.6  13.9  18.0  24.0  16.2  12.2  5.40   31.8
  BEML            15618   87.5   4.9   7.7  16.0  29.0  17.0   6.3  5.15   26.7
  TIMKEN          24648   57.8  14.3  19.0    --  16.0   8.0  16.6  7.22   26.2
  FINPIPE          9897   16.0   9.7  12.7  -4.0  -1.0   6.2  11.2  2.56   23.2
  SUPREMEIND      45326   43.8  15.8  20.7  -1.0  11.0   2.0  18.2 21.90   20.6
  RATNAMANI       16451   37.5  12.6  17.9  12.0  10.0   4.0  15.2  9.38   20.1
  PRAJIND          6148  122.0   1.5   6.1 -24.0  -1.0 -13.2   3.8    --  -12.1
  PRINCEPIPE       3147   30.2   4.7   6.1 -20.0 -15.0 -17.5   5.4    --  -15.6

### Chemicals  (9)
  ticker           mcap     PE    ROE   ROCE   sg5   pg5   grw  qual   peg  score
  SOLARINDS      180802   90.8  32.6  38.1  45.0  63.0  48.8  35.4  1.86   99.4
  COROMANDEL      61804   31.7  17.3  24.6   9.0  20.0  13.5  21.0  2.35   43.4
  NAVINFLUOR      42290   74.0  15.3  20.8  14.0  17.0  17.5  18.1  4.23   39.0
  FLUOROCHEM      51920   84.0   7.6   9.9  36.0  22.0  14.0   8.7  6.00   25.5
  SRF             77159   34.5  14.3  14.6  10.0   8.0   4.5  14.4  7.67   19.8
  PIIND           37930   26.8  14.2  18.0  17.0  -5.0   1.8  16.1 15.31   18.2
  ATUL            19850   25.0  11.5  14.9   1.0  -5.0   1.5  13.2 16.67   15.0
  CLEAN            8721   37.4  15.3  20.6   3.0 -12.0  -8.2  18.0    --    8.1
  DEEPAKNTR       23519   29.7   9.8  11.4  -7.0  -5.0  -7.8  10.6    --    1.3

### Construction  (7)
  ticker           mcap     PE    ROE   ROCE   sg5   pg5   grw  qual   peg  score
  KPIL            23088   20.8  13.7  18.3  13.0  26.0  26.0  16.0  0.80   65.8
  NCC              8834   12.2   9.2  16.8  22.0  12.0   9.5  13.0  1.28   39.1
  LT             557886   31.7  15.9  14.6   3.0  20.0  13.8  15.2  2.31   38.3
  RVNL            47351   52.7   9.0  10.8  -2.0  50.0  14.2   9.9  3.70   27.0
  IRCON           11738   22.4   9.2   9.7   9.0  23.0   7.8   9.4  2.89   20.6
  GRINFRA          8432    9.0   9.2  11.9  -3.0 -12.0 -10.8  10.6    --   -2.3
  KNRCON           3724   33.2   2.9   4.6 -14.0 -14.0 -16.8   3.7    --  -16.4

### Construction Materials  (5)
  ticker           mcap     PE    ROE   ROCE   sg5   pg5   grw  qual   peg  score
  NUVOCO          11824   28.4   4.2   7.0 101.0    --  19.0   5.6  1.49   41.4
  ULTRACEMCO     342858   44.9  10.3  12.6   7.0   9.0  11.0  11.4  4.08   24.6
  STARCEMENT       8076   60.1   8.2  12.0  -6.0  12.0   1.8  10.1 34.34   12.2
  DALBHARAT       34555  258.0   1.8   2.1  42.0  -1.0   7.2   1.9 35.59   10.6
  SHREECEM        89138   54.7   7.5  10.3  -6.0  -1.0   1.2   8.9 43.76   10.4

### Consumer Durables  (13)
  ticker           mcap     PE    ROE   ROCE   sg5   pg5   grw  qual   peg  score
  DIXON           86449   46.0  37.4  42.0  55.0  27.0  46.8  39.7  0.98  110.8
  KALYANKJIL      62657   42.9  24.8  20.5 195.0  56.0  50.8  22.6  0.85   94.9
  BLUESTARCO      31009   58.7  17.2  21.2  50.0  30.0  33.2  19.2  1.77   70.0
  TITAN          450552   77.2  37.7  20.5  40.0  22.0  24.5  29.1  3.15   58.5
  AMBER           25464  129.0   6.0  10.2  18.0  20.0  21.5   8.1  6.00   33.9
  KAJARIACER      19710   34.2  17.9  23.3  11.0   4.0   6.0  20.6  5.70   27.8
  VGUARD          14252   43.9  12.9  16.8   6.0   7.0   7.8  14.9  5.66   24.1
  BERGEPAINT      63506   51.7  17.3  21.6  10.0  -4.0   3.5  19.5 14.77   23.7
  VOLTAS          43842  112.0   6.1   9.0  -6.0   6.0   8.2   7.6 13.58   17.5
  KANSAINER       16540   24.4   9.3  12.6   3.0 -13.0  -3.8  10.9    --    6.4
  TTKPRESTIG       8149   35.4  10.2  13.7  -2.0  -8.0  -6.5  11.9    --    4.1
  CROMPTON        15992   35.3  10.6  18.1 -11.0 -12.0  -9.8  14.4    --    2.7
  SYMPHONY         4276 1099.0   3.0  20.6 -30.0  -7.0 -14.5  11.8    --   -5.6

### Consumer Services  (7)
  ticker           mcap     PE    ROE   ROCE   sg5   pg5   grw  qual   peg  score
  TRENT          159436   87.1  27.7  28.3  69.0  38.0  47.5  28.0  1.83   92.3
  MANYAVAR        12792   31.8  26.7  30.7  18.0    --  14.7  28.7  2.17   54.0
  NAUKRI          86888   58.9   1.8   3.5  39.0   5.0  30.0   2.6  1.96   47.9
  METROBRAND      25781   65.2  22.0  20.0  41.0    --  13.7  21.0  4.77   37.4
  ETERNAL        308522  713.0   0.4   2.5  17.0  18.0  28.5   1.4 25.02   35.6
  DMART          264473   86.4  12.9  17.2  22.0   3.0   9.5  15.1  9.09   26.5
  INDIAMART       10742   21.8  20.7  28.0  11.0 -13.0   0.0  24.4    --   24.4

### Fast Moving Consumer Goods  (13)
  ticker           mcap     PE    ROE   ROCE   sg5   pg5   grw  qual   peg  score
  RADICO          62262   87.6  20.3  24.2  17.0  38.0  37.0  22.2  2.37   72.7
  VBL            146799   43.4  16.2  19.7  50.0  34.0  29.0  17.9  1.50   65.8
  COLPAL          53883  125.0 158.0 179.0    --   4.0  12.7 168.5  9.87   60.2
  MARICO         112168   59.5  42.8  47.0   9.0  11.0  11.5  44.9  5.17   58.7
  NESTLEIND      289324   78.0  74.2  85.3    --  11.0  11.0  79.8  7.09   58.2
  UNITDSPR       111485   60.2  21.4  26.4  35.0  18.0  22.8  23.9  2.65   55.0
  BRITANNIA      134071   51.4  53.5  56.0   6.0   9.0   7.8  54.8  6.63   54.3
  ITC            347693   17.6  29.3  38.9  10.0   7.0   1.8  34.1 10.06   36.2
  HINDUNILVR     486600   44.1  31.0  28.4  13.0  -2.0   5.0  29.7  8.82   35.7
  TATACONSUM     107213   65.0   7.3   9.2  12.0   6.0  10.0   8.3  6.50   20.3
  GODREJCP        95781   46.2  16.1  18.8   3.0  -1.0   1.0  17.5 46.20   18.7
  UBL             36382  105.0   7.7  10.7  24.0   0.0   5.8   9.2 18.26   16.1
  DABUR           72324   36.5  17.0  20.3   2.0  -7.0  -2.8  18.6    --   15.3

### Financial Services  (33)
  ticker           mcap     PE    ROE   ROCE   sg5   pg5   grw  qual   peg  score
  BSE            140425   49.6  46.0  60.0  69.0  94.0  60.0  46.0  0.83  117.4
  ANANDRATHI      36102   77.6  47.3  59.2  55.0    --  49.3  47.3  1.57  111.4
  NUVAMA          30910   28.5  27.4  17.5  59.0    --  55.0  27.4  0.52  102.3
  LICI           521180    8.7  37.8  35.1  81.0    --  28.3  37.8  0.31   94.4
  MUTHOOTFIN     114138   10.0  30.9  15.8  23.0  15.0  28.0  30.9  0.36   86.6
  LTF             76798   24.0  11.2   8.4  32.0  30.0  39.8  11.2  0.60   79.1
  KFINTECH        16260   46.4  21.6  29.2  48.0    --  34.0  21.6  1.36   76.5
  SHRIRAMFIN     264499   23.4  16.4  11.5  32.0  34.0  32.8  16.4  0.71   75.0
  MOTILALOFS      54209   27.4  15.5  12.7   7.0  34.0  30.8  15.5  0.89   70.3
  JIOFIN         164814   79.8   1.2   1.9    --    --  60.0   1.2  1.33   69.5
  CHOLAFIN       160730   28.0  19.4   9.7  28.0  31.0  26.8  19.4  1.05   68.1
  BANKBARODA     128586    5.8  12.7   5.6  73.0  25.0  26.2  12.7  0.22   67.4
  POLICYBZR       80634  108.0   9.8  10.3  42.0    --  42.0   9.8  2.57   64.6
  SBIN           984907   11.7  15.4   6.1  30.0  20.0  22.2  15.4  0.53   62.9
  FEDERALBNK      87250   18.8  11.6   6.4  21.0  33.0  25.8  11.6  0.73   61.7
  360ONE          47447   37.6  14.4  12.1  27.0  25.0  26.8  14.4  1.41   60.3
  APTUS           12523   12.7  20.1  15.4  29.0    --  16.7  20.1  0.76   59.0
  AXISBANK       378794   13.6  13.1   6.2  30.0  10.0  21.0  13.1  0.65   58.1
  CAMS            18956   38.3  36.3  47.0  21.0   4.0  14.5  36.3  2.64   57.6
  BAJFINANCE     676139   33.0  18.2  10.9  34.0  12.0  20.2  18.2  1.63   54.5
  ICICIBANK     1015604   18.1  15.9   7.2  24.0  15.0  17.5  15.9  1.03   53.6
  AUBANK          81068  238.0  22.3  12.4    --  11.0  25.3  22.3  9.39   52.7
  CDSL            28042   59.5  24.5  32.0  18.0  17.0  21.2  24.5  2.80   52.6
  ANGELONE        26182   25.4  15.6  14.8  25.0  19.0  15.8  15.6  1.61   46.6
  FIVESTAR        16182  103.0  16.0  17.0    --    --  24.0  16.0  4.29   44.8
  PAYTM          103036  127.0   4.7   5.0  20.0    --  26.0   4.7  4.88   35.9
  HDFCBANK      1120802   14.2  13.6   7.0  19.0  -1.0   8.2  13.6  1.72   34.7
  BAJAJFINSV     322014   31.3  13.2  10.6  17.0   7.0  12.8  13.2  2.45   33.9
  POONAWALLA      43894   55.8   5.9   7.5  24.0  23.0  14.2   5.9  3.92   23.0
  KOTAKBANK      389440   19.5  11.4   7.0  14.0   2.0   7.0  11.4  2.79   22.5
  ICICIPRULI      73440   45.7  12.6  10.1  11.0  -5.0   7.2  12.6  6.30   21.3
  HDFCLIFE       116771   59.1  11.3  10.3   7.0  -4.0   2.5  11.3 23.64   14.3
  MFSL            53424  492.0   1.5   2.9 -28.0   7.0  -3.0   1.5    --   -2.1

### Healthcare  (23)
  ticker           mcap     PE    ROE   ROCE   sg5   pg5   grw  qual   peg  score
  LUPIN          102192   17.2  28.7  29.9  37.0  18.0  35.8  29.3  0.48   93.4
  FORTIS          69569   65.2  11.2  13.4  64.0  31.0  40.0  12.3  1.63   72.3
  MEDANTA         38285   66.9  15.2  17.1  81.0    --  36.0  16.1  1.86   69.5
  NH              37543   43.6  20.5  15.5 155.0  30.0  31.2  18.0  1.40   69.3
  APOLLOHOSP     128285   60.9  21.2  17.4  76.0  16.0  32.2  19.3  1.89   67.9
  AJANTPHARM      46008   40.5  27.1  34.5  12.0  19.0  20.8  30.8  1.95   65.1
  ZYDUSLIFE      113715   23.4  21.2  21.1  19.0  16.0  22.2  21.1  1.05   64.4
  VIJAYA          15184   81.0  19.7  21.3  15.0    --  29.7  20.5  2.73   59.3
  MAXHEALTH       98298   65.7  14.7  14.7  60.0  26.0  30.2  14.7  2.17   58.6
  TORNTPHARM     185125   83.0  27.4  15.2  12.0  27.0  24.2  21.3  3.42   50.4
  ALKEM           63933   26.3  18.9  21.2   9.0   8.0  15.5  20.0  1.70   50.1
  SUNPHARMA      461128   36.5  16.0  20.5  17.0  20.0  17.2  18.2  2.12   47.0
  ERIS            18833   28.7  18.7  14.1  12.0  13.0  15.8  16.4  1.82   45.7
  RAINBOW         14833   51.8  15.9  17.4  44.0    --  20.0  16.6  2.59   44.9
  LAURUSLABS      96311   88.1  18.3  17.8  -2.0  21.0  20.8  18.1  4.25   43.0
  DIVISLAB       224772   75.5  16.5  22.0   6.0  11.0  15.5  19.2  4.87   37.8
  MANKIND         99825   46.8  13.1  13.5  11.0    --  12.7  13.3  3.69   28.5
  KIMS            33987  163.0  11.3   9.5   4.0  26.0  12.5  10.4 13.04   25.4
  CIPLA          117139   32.8  11.6  15.5  10.0  10.0   9.0  13.6  3.64   24.4
  METROPOLIS      11300   54.3  13.6  17.8   1.0  -4.0   6.5  15.7  8.35   23.5
  GLAND           48979   42.8  10.7  15.1   1.0  -7.0   6.2  12.9  6.85   20.4
  DRREDDY        100186   31.1  11.2  13.0  15.0   5.0   4.2  12.1  7.32   17.2
  SYNGENE         16203   54.6   7.8  10.0   0.0  -8.0  -9.0   8.9    --   -1.9

### Information Technology  (8)
  ticker           mcap     PE    ROE   ROCE   sg5   pg5   grw  qual   peg  score
  COFORGE         80235   41.9  21.4  23.5  29.0  14.0  24.0  22.4  1.75   62.3
  TATAELXSI       23484  230.0  39.3  60.0  16.0  -3.0   9.2  49.6 24.86   56.1
  NEWGEN           7639   22.3  19.6  25.0  21.0  13.0  15.8  22.3  1.42   54.9
  KPITTECH        16812   26.9  20.9  26.3  37.0  13.0  13.2  23.6  2.03   48.3
  TCS            853507   15.9  51.8  63.0   9.0  -7.0  -0.5  57.4    --   44.4
  HCLTECH        369832   20.4  23.8  30.4   9.0   4.0   6.0  27.1  3.40   34.3
  TECHM          159950   30.1  17.5  23.1   2.0   3.0   4.0  20.3  7.53   25.1
  TANLA            7729   46.4  22.4  21.6   2.0  -9.0  -8.2  22.0    --   12.1

### Metals & Mining  (5)
  ticker           mcap     PE    ROE   ROCE   sg5   pg5   grw  qual   peg  score
  HINDZINC       236829   13.8  76.6  69.5  12.0  13.0  14.2  73.0  0.97   79.4
  VEDL           105092    9.7  38.2  16.1   8.0  18.0  22.5  27.2  0.43   75.7
  TATASTEEL      228948   19.3  11.7  12.5   8.0   5.0   9.8  12.1  1.98   33.0
  JINDALSTEL     112210   36.4   8.2   9.7   1.0  21.0  10.2   9.0  3.55   21.3
  JSWSTEEL       309643   41.1   8.4  10.5  -4.0  11.0   9.0   9.4  4.57   20.2

### Power  (4)
  ticker           mcap     PE    ROE   ROCE   sg5   pg5   grw  qual   peg  score
  NTPC           329687   13.9  13.8   8.4   8.0  24.0  14.8  11.1  0.94   46.3
  TATAPOWER      122414   31.2  10.2  10.5  27.0  24.0  18.8  10.3  1.66   44.5
  NHPC            77246   20.4   9.3   5.8   2.0  24.0  10.0   7.5  2.04   28.2
  POWERGRID      248373   15.7  15.3   9.1   3.0  14.0   7.0  12.2  2.24   27.7

### Realty  (5)
  ticker           mcap     PE    ROE   ROCE   sg5   pg5   grw  qual   peg  score
  PHOENIXLTD      67452   52.0  11.6  12.8  83.0  34.0  34.5  12.2  1.51   66.5
  BRIGADE         19391   28.5  10.5  10.5  89.0  19.0  31.0  10.5  0.92   65.3
  PRESTIGE        68712   60.4   7.5  10.4  21.0  37.0  29.8   9.0  2.03   53.4
  DLF            164262   38.2   9.5   6.3  29.0  15.0  20.8   7.9  1.84   43.1
  GODREJPROP      59890  165.0   0.8   2.8  49.0   6.0  11.0   1.8 15.00   15.0

### Services  (1)
  ticker           mcap     PE    ROE   ROCE   sg5   pg5   grw  qual   peg  score
  DELHIVERY       34469  289.0   1.9   2.8  20.0    --  18.0   2.3 16.06   23.9

